NUMPOLLIES 108

// Floor 1
TEXTURE 0
-2.0  0.0 -8.0 0.0 20.0
-2.0  0.0  2.0 0.0 0.0
 2.0  0.0  2.0 20.0 0.0
 2.0  0.0 -8.0 20.0 20.0
// Ceiling 1
TEXTURE 1
-5.0  1.0 -12.0 0.0 20.0
-5.0  1.0  5.0 0.0 0.0
 5.0  1.0  5.0 20.0 0.0
 5.0  1.0 -12.0 20.0 20.0

//FIRST ROOM
//DoorSide
TEXTURE 11
-2.0  1.0  -2.0 0.0 1.0
-2.0  0.0  -2.0 0.0 0.0
-0.5  0.0  -2.0 1.5 0.0
-0.5  1.0  -2.0 1.5 1.0

TEXTURE 11
 2.0  1.0  -2.0 2.0 1.0
 2.0  0.0  -2.0 2.0 0.0
 0.5  0.0  -2.0 0.5 0.0
 0.5  1.0  -2.0 0.5 1.0

//Frontside
TEXTURE 11
-2.0  1.0  2.0 2.0  1.0
-2.0  0.0   2.0 2.0 0.0
-0.5  0.0   2.0 0.5 0.0
-0.5  1.0  2.0 0.5  1.0

TEXTURE 11
 2.0  1.0  2.0 2.0  1.0
 2.0  0.0   2.0 2.0 0.0
 0.5  0.0   2.0 0.5 0.0
 0.5  1.0  2.0 0.5  1.0

//Rightside from door
TEXTURE 11
-2.0  1.0  -2.0 0.0  1.0
-2.0  0.0   -2.0 0.0 0.0
-2.0  0.0   -0.5 1.5 0.0
-2.0  1.0  -0.5 1.5  1.0

TEXTURE 11
-2.0  1.0   2.0 2.0 1.0
-2.0  0.0   2.0 2.0 0.0
-2.0  0.0   0.5 0.5 0.0
-2.0  1.0  0.5 0.5 1.0

//LeftSide from door
TEXTURE 11
2.0  1.0  -2.0 0.0 1.0
2.0  0.0   -2.0 0.0 0.0
2.0  0.0   -0.5 1.5 0.0
2.0  1.0  -0.5 1.5 1.0

TEXTURE 11
2.0  1.0  2.0 2.0 1.0
2.0  0.0   2.0 2.0 0.0
2.0  0.0   0.5 0.5 0.0
2.0  1.0  0.5 0.5 1.0

// LibertePeuple
TEXTURE 2
-1.6  0.85  -1.9999 1.0 1.0
-1.6  0.15  -1.9999 1.0 0.0
-0.9  0.15  -1.9999 0.0 0.0
-0.9  0.85  -1.9999 0.0 1.0

//YellowBlack
TEXTURE 5
1.6  0.85  -1.9999 1.0 1.0
1.6  0.15  -1.9999 1.0 0.0
0.9  0.15  -1.9999 0.0 0.0
0.9  0.85  -1.9999 0.0 1.0

//Gioconda
TEXTURE 7
-1.6  0.85  1.9999 1.0 1.0
-1.6  0.15  1.9999 1.0 0.0
-0.9  0.15  1.9999 0.0 0.0
-0.9  0.85  1.9999 0.0 1.0

//Etoile
TEXTURE 3
 1.6  0.85  1.9999 1.0 1.0
 1.6  0.15  1.9999 1.0 0.0
 0.9  0.15  1.9999 0.0 0.0
 0.9  0.85  1.9999 0.0 1.0

// Portrait
TEXTURE 6
-1.9999  0.85  -1.6 1.0 1.0
-1.9999  0.15  -1.6 1.0 0.0
-1.9999  0.15  -0.9 0.0 0.0
-1.9999  0.85  -0.9 0.0 1.0

// Van Gogh
TEXTURE 4
-1.9999  0.85  1.6 1.0 1.0
-1.9999  0.15  1.6 1.0 0.0
-1.9999  0.15  0.9 0.0 0.0
-1.9999  0.85  0.9 0.0 1.0

//Black Image
TEXTURE 10
1.9999  0.85  -1.6 1.0 1.0
1.9999  0.15  -1.6 1.0 0.0
1.9999  0.15  -0.9 0.0 0.0
1.9999  0.85  -0.9 0.0 1.0

//Warriors
TEXTURE 9
1.9999  0.85  1.6 1.0 1.0
1.9999  0.15  1.6 1.0 0.0
1.9999  0.15  0.9 0.0 0.0
1.9999  0.85  0.9 0.0 1.0


//Front
TEXTURE 11
-0.5  1.0  2.0 1.0 1.0
-0.5  0.0  2.0 1.0 0.0
 0.5  0.0  2.0 0.0 0.0
 0.5  1.0  2.0 0.0 1.0

//Right
TEXTURE 11
-2.0  1.0  -0.9 1.0 1.0
-2.0  0.0  -0.9 1.0 0.0
-2.0  0.0   0.9 0.0 0.0
-2.0  1.0   0.9 0.0 1.0

//Left
TEXTURE 11
2.0  1.0  -0.9 1.0 1.0
2.0  0.0  -0.9 1.0 0.0
2.0  0.0   0.9 0.0 0.0
2.0  1.0   0.9 0.0 1.0

//Door In Front - Just the Door
TEXTURE 21
-0.18	0.81	-1.999	0.0 1.0
-0.18	0.0	-1.999	0.0 0.0
0.193	0.0	-1.999	1.0 0.0
0.193	0.81	-1.999	1.0 1.0

//Front Door Near Stairs
TEXTURE 20
-0.5  1.0  -2.0 0.0 1.0
-0.5  0.0  -2.0 0.0 0.0
0.5   0.0  -2.0 1.0 0.0
0.5   1.0  -2.0 1.0 1.0

//Front second room
TEXTURE 11
-2.0  1.0  -8.0 2.0 1.0
-2.0  0.0  -8.0 2.0 0.0
 2.0  0.0  -8.0 0.5 0.0
 2.0  1.0  -8.0 0.5 0.5

//Right second room
TEXTURE 11
-2.0  1.0  -2.0 1.0 1.0
-2.0  0.0  -2.0 1.0 0.0
-2.0  0.0  -8.0 0.0 0.0
-2.0  1.0  -8.0 0.0 1.0

//Left second room
TEXTURE 11
2.0  1.0  -0.9 1.0 1.0
2.0  0.0  -0.9 1.0 0.0
2.0  0.0  -8.0 0.0 0.0
2.0  1.0  -8.0 0.0 1.0

//Front head
TEXTURE 34
-1.70  0.70  -5.4 1.0 1.0
-1.70  0.00  -5.4 1.0 0.0
-1.70  0.00  -4.4 0.0 0.0
-1.70  0.70  -4.4 0.0 1.0
//Top head
TEXTURE 35
-1.999 0.70  -4.4 1.0 1.0 
-1.999 0.70 -5.4 1.0 0.0
-1.70  0.70 -5.4 0.0 0.0
-1.70  0.70  -4.4 0.0 1.0
//Lip
TEXTURE 36
-1.69  0.158  -5.04 1.0 1.0
-1.69  0.10  -5.04 1.0 0.0
-1.69  0.10  -4.76  0.0 0.0
-1.69  0.158  -4.76  0.0 1.0
//Right head
TEXTURE 35
-1.999 0.70  -5.4 1.0 1.0
-1.999 0.00  -5.4 1.0 0.0
-1.70 0.00  -5.4 0.0 0.0
-1.70 0.70  -5.4 0.0 1.0

//Left head
TEXTURE 35
-1.999 0.70  -4.4 1.0 1.0
-1.999 0.00  -4.4 1.0 0.0
-1.70 0.00   -4.4 0.0 0.0
-1.70 0.70   -4.4 0.0 1.0

// Camera 1 FRONT
TEXTURE 38
 1.98  0.9   1.89  2.0  1.0
 1.98  0.85  1.89  2.0  1.0
 1.93  0.85  1.89  2.0  1.0
 1.93  0.9   1.89  2.0  1.0

// Camera 1 BACK
TEXTURE 38
 1.98  0.9   1.98  2.0  1.0
 1.98  0.85  1.98  2.0  1.0
 1.93  0.85  1.98  2.0  1.0
 1.93  0.9   1.98  2.0  1.0

// Camera 1 LEFT
TEXTURE 38
 1.93  0.9   1.89  2.0  1.0
 1.93  0.85  1.89  2.0  1.0
 1.93  0.85  1.98  2.0  1.0
 1.93  0.9   1.98  2.0  1.0

// Camera 1 RIGHT
TEXTURE 38
 1.98  0.9   1.89  2.0  1.0
 1.98  0.85  1.89  2.0  1.0
 1.98  0.85  1.98  2.0  1.0
 1.98  0.9   1.98  2.0  1.0

// Camera 1 TOP
TEXTURE 38
 1.93  0.9   1.98  2.0  1.0
 1.93  0.9   1.89  2.0  1.0
 1.98  0.9   1.89  2.0  1.0
 1.98  0.9   1.98  2.0  1.0

// Camera 1 BOTTOM
TEXTURE 38
 1.93  0.85   1.98  2.0  1.0
 1.93  0.85   1.89  2.0  1.0
 1.98  0.85   1.89  2.0  1.0
 1.98  0.85   1.98  2.0  1.0

// Camera 2 FRONT
TEXTURE 38
 1.98  0.9   -2.14  2.0  1.0
 1.98  0.85  -2.14  2.0  1.0
 1.93  0.85  -2.14  2.0  1.0
 1.93  0.9   -2.14  2.0  1.0

// Camera 2 BACK
TEXTURE 38
 1.98  0.9   -2.04  2.0  1.0
 1.98  0.85  -2.04  2.0  1.0
 1.93  0.85  -2.04 2.0  1.0
 1.93  0.9   -2.04  2.0  1.0

// Camera 2 LEFT
TEXTURE 38
 1.93  0.9   -2.14  2.0  1.0
 1.93  0.85  -2.14  2.0  1.0
 1.93  0.85  -2.04  2.0  1.0
 1.93  0.9   -2.04  2.0  1.0

// Camera 2 RIGHT
TEXTURE 38
 1.98  0.9   -2.14  2.0  1.0
 1.98  0.85  -2.14  2.0  1.0
 1.98  0.85  -2.04  2.0  1.0
 1.98  0.9   -2.04  2.0  1.0

// Camera 2 TOP
TEXTURE 38
 1.93  0.9   -2.04  2.0  1.0
 1.93  0.9   -2.14  2.0  1.0
 1.98  0.9   -2.14  2.0  1.0
 1.98  0.9   -2.04  2.0  1.0

// Camera 2 BOTTOM
TEXTURE 38
 1.93  0.85   -2.04  2.0  1.0
 1.93  0.85   -2.14  2.0  1.0
 1.98  0.85   -2.14  2.0  1.0
 1.98  0.85   -2.04  2.0  1.0
